clearvars;

% % eul = [1.9862796881660256e-17, -4.6073563061378386e-08, -1.5707991565684896];
% 
% format long
% rotm = eul2rotm(eul,'XYZ')

% xyz = rotm2eul([  -0.01952783646  0.9997663318  -0.009270679234;
% -0.005426883134  0.009166319827  0.9999432622;
% 0.9997945852  0.01957703939  0.005246616649
% ], 'XYZ')
% 
%  eul = [-pi/2, 0, pi/2];
% rotm = eul2rotm(eul,'XYZ')
% 
% rot = [0.0001160253356  0.9999863849  -0.005216948888;
% 0.01991342897  0.005213604013  0.9997881144;
% 0.9998017013  -0.0002198880926  -0.01991255294];
%   
% eul45 = [-1.571, -1.525, -0.000]
% mat45 = eul2rotm(eul45, 'XYZ');
% 
% (        mat45* rot'             )
%eul2rotm([-0.104, -0.029, -1.554], 'XYZ')

% 
% rot1 = [  0.0567859   0.996695  0.0580903 ;
%   -0.99829  0.0574937 -0.0105858   ;
% -0.0138906 -0.0573899   0.998255 ;
% 
%  ];
% 
% rot2 = [  0.0567859 0.996695 0.0580903;
% -0.99829 0.0574937 -0.0105858;
% -0.0138906 -0.0573899 0.998255
% 
% 
%  ];
% 
% rotm2eul(rot1, 'XYZ')
% rotm2eul(rot2, 'XYZ')


[       1 3.86116e-06 -1.55263e-06 ;
-3.86116e-06         1 4.26491e-06 ;
1.55264e-06 -4.26491e-06         1 ] * [-0.829454 -0.558575 8.10501e-06 ;
 0.558575 -0.829454 -4.45186e-07 ;
6.9714e-06 4.158e-06         1 ]






