clearvars;

% % eul = [1.9862796881660256e-17, -4.6073563061378386e-08, -1.5707991565684896];
% 
% format long
% rotm = eul2rotm(eul,'XYZ')

% xyz = rotm2eul([  -0.01952783646  0.9997663318  -0.009270679234;
% -0.005426883134  0.009166319827  0.9999432622;
% 0.9997945852  0.01957703939  0.005246616649
% ], 'XYZ')
% 
%  eul = [-pi/2, 0, pi/2];
% rotm = eul2rotm(eul,'XYZ')
% 
% rot = [0.0001160253356  0.9999863849  -0.005216948888;
% 0.01991342897  0.005213604013  0.9997881144;
% 0.9998017013  -0.0002198880926  -0.01991255294];
%   
% eul45 = [-1.571, -1.525, -0.000]
% mat45 = eul2rotm(eul45, 'XYZ');
% 
% (        mat45* rot'             )
%eul2rotm([-0.104, -0.029, -1.554], 'XYZ')

% 
% rot1 = [  0.0567859   0.996695  0.0580903 ;
%   -0.99829  0.0574937 -0.0105858   ;
% -0.0138906 -0.0573899   0.998255 ;
% 
%  ];
% 
% rot2 = [  0.0567859 0.996695 0.0580903;
% -0.99829 0.0574937 -0.0105858;
% -0.0138906 -0.0573899 0.998255
% 
% 
%  ];
% 
% rotm2eul(rot1, 'XYZ')
% rotm2eul(rot2, 'XYZ')


pinv([    -0.106358  0.477238  0.859833  -0.24831 -0.0220412 -0.248576 -0.968362  0.446102  0.374778 -0.106358; 
-0.00763964 -0.995269 -0.995269 -0.00427365         0         0         0 -0.100699 -0.994888 -0.00763964 
]) * [-0.002; -0.002]







