J = [0.28     0.707128     0.384398     0.246477     0.999118   -0.0419877            0     0.079652      1.89536    0.0334174;
      -2.259    0.0514903    0.0279903     -1.79873    0.0419877     0.999118            0     -1.89536     0.079652    -0.458929;
           0      2.19285      1.89061  -0.00131152            0            0            1   -0.0141186     0.459927            0;
           0   -0.0726238   -0.0726238    0.0113543            0            0            0     0.999118   -0.0419877            0;
           0     0.997359     0.997359  0.000826779            0            0            0    0.0419877     0.999118            0;
           1 -2.05104e-10 -2.05104e-10     0.999935            0            0            0            0            0            1]
 yDot = [           0;
           0;
           0;
           0;
   -0.100842;
  -0.0037437;
   -0.752393;
-0.000330031;
 -0.00785326;
  -0.0147616]
format long
xdot = J * yDot
