rot = [          -1  4.10207e-10            0  ;
-4.10207e-10           -1            0    ;
           0            0            1      ]
       
       
culo = [-0  0.823131 2.90485e-06       ;   
-0.823131        -0   2.54915         ;
-2.90485e-06  -2.54915        -0     ]


rot * culo
